7,4,60~7,4,61
2,7,296~5,7,296
4,5,21~7,5,21
8,0,273~8,3,273
8,9,210~8,9,210
0,8,102~0,9,102
6,3,306~9,3,306
0,0,295~0,2,295
0,4,51~2,4,51
0,8,5~2,8,5
4,2,134~6,2,134
1,2,22~2,2,22
6,8,199~7,8,199
2,7,7~2,9,7
9,3,206~9,3,208
5,8,165~5,8,167
0,7,71~2,7,71
6,6,177~7,6,177
8,4,308~8,7,308
5,2,224~7,2,224
1,6,120~3,6,120
2,7,159~4,7,159
3,3,163~5,3,163
7,2,214~7,3,214
1,9,115~4,9,115
1,2,215~1,5,215
3,0,21~5,0,21
3,9,201~3,9,203
0,7,226~3,7,226
9,6,169~9,8,169
3,0,230~3,0,230
3,6,28~3,7,28
5,0,297~5,0,299
9,2,1~9,2,1
7,0,287~9,0,287
7,2,275~7,3,275
4,8,191~8,8,191
5,4,130~6,4,130
8,0,9~8,2,9
3,0,102~3,0,103
7,4,161~7,6,161
2,7,266~4,7,266
3,6,21~3,9,21
1,7,93~4,7,93
4,5,163~7,5,163
1,9,26~3,9,26
9,3,106~9,6,106
3,4,262~3,6,262
4,7,141~7,7,141
0,2,113~0,4,113
4,1,78~4,4,78
4,9,92~6,9,92
3,8,61~4,8,61
7,9,288~7,9,290
8,4,198~8,7,198
0,6,91~2,6,91
4,3,95~4,5,95
1,3,209~1,4,209
8,6,176~8,8,176
4,1,70~7,1,70
6,3,287~6,4,287
6,5,99~9,5,99
3,1,91~3,2,91
1,5,211~1,5,214
2,8,18~5,8,18
4,1,160~6,1,160
1,4,75~3,4,75
0,7,243~0,9,243
3,1,154~6,1,154
2,7,87~4,7,87
0,0,274~0,2,274
2,2,54~2,3,54
5,3,223~5,5,223
1,5,256~1,7,256
2,7,91~4,7,91
5,0,183~5,3,183
0,9,181~1,9,181
5,3,154~7,3,154
7,9,206~9,9,206
2,7,185~5,7,185
6,0,96~6,2,96
4,7,103~4,9,103
6,5,234~8,5,234
5,0,115~5,0,116
3,9,2~5,9,2
0,7,25~1,7,25
1,9,112~4,9,112
2,4,117~3,4,117
2,9,92~3,9,92
7,2,241~9,2,241
1,7,109~4,7,109
8,4,184~8,7,184
3,6,174~3,8,174
7,2,40~9,2,40
6,3,229~8,3,229
6,6,58~6,8,58
0,7,76~0,7,78
4,8,121~7,8,121
0,2,253~2,2,253
5,4,261~5,7,261
4,6,32~4,7,32
3,5,241~3,6,241
6,1,48~7,1,48
5,3,70~5,3,72
8,1,38~8,3,38
6,5,64~6,8,64
3,9,3~5,9,3
7,9,166~9,9,166
8,4,57~8,6,57
3,9,95~3,9,98
6,1,159~6,3,159
0,7,132~0,9,132
4,6,112~5,6,112
9,0,246~9,2,246
0,1,117~2,1,117
6,0,16~8,0,16
5,5,75~5,6,75
0,4,15~2,4,15
5,3,150~7,3,150
0,4,225~2,4,225
7,8,175~9,8,175
6,2,75~6,5,75
5,8,164~7,8,164
3,7,6~5,7,6
3,6,24~3,8,24
0,1,132~0,3,132
0,6,115~2,6,115
8,0,3~8,2,3
2,7,250~2,9,250
5,6,306~6,6,306
3,0,99~3,2,99
8,5,75~9,5,75
1,5,22~1,7,22
5,0,74~5,0,76
5,6,60~6,6,60
0,5,68~2,5,68
7,1,7~7,3,7
9,5,247~9,7,247
4,2,62~4,4,62
2,6,194~2,8,194
2,5,177~3,5,177
3,6,65~4,6,65
5,5,209~5,7,209
1,6,254~3,6,254
7,4,307~7,7,307
4,3,159~5,3,159
9,8,259~9,9,259
9,4,112~9,6,112
4,3,297~7,3,297
5,3,206~5,6,206
3,6,105~3,8,105
2,0,231~2,1,231
5,3,277~8,3,277
5,7,159~8,7,159
3,1,169~3,3,169
8,1,8~8,1,8
4,7,22~6,7,22
0,8,271~1,8,271
2,7,74~4,7,74
4,1,264~6,1,264
4,3,166~5,3,166
8,4,152~8,6,152
6,2,118~7,2,118
8,8,22~8,9,22
7,5,174~7,7,174
1,5,6~2,5,6
9,6,103~9,6,105
0,5,24~1,5,24
2,3,20~2,3,23
6,4,34~6,6,34
3,8,88~3,9,88
4,6,57~4,8,57
1,1,289~3,1,289
7,6,116~7,8,116
0,4,121~3,4,121
1,3,35~4,3,35
3,6,115~5,6,115
0,8,22~1,8,22
4,0,36~4,3,36
7,8,35~9,8,35
2,8,165~2,8,165
7,4,177~9,4,177
7,4,112~7,4,114
9,6,302~9,8,302
9,4,190~9,6,190
4,1,82~7,1,82
5,4,143~5,6,143
4,2,221~7,2,221
9,9,91~9,9,93
8,3,64~9,3,64
7,8,1~8,8,1
3,4,230~6,4,230
5,7,186~5,9,186
7,3,276~8,3,276
3,6,72~3,8,72
2,4,163~5,4,163
0,4,239~2,4,239
9,4,77~9,6,77
6,4,110~6,6,110
7,2,43~7,3,43
0,0,56~0,1,56
2,9,11~4,9,11
7,8,69~9,8,69
9,7,172~9,9,172
3,6,238~6,6,238
6,5,175~6,8,175
6,2,116~6,5,116
4,1,72~5,1,72
6,0,221~8,0,221
8,1,240~8,2,240
4,4,100~4,7,100
4,0,226~4,3,226
2,8,69~5,8,69
0,1,90~0,5,90
1,5,180~3,5,180
1,1,101~1,1,103
0,8,279~0,9,279
5,6,279~5,8,279
5,2,30~5,4,30
8,2,114~8,4,114
4,8,280~5,8,280
2,0,101~2,2,101
7,5,26~7,6,26
3,9,85~5,9,85
3,4,187~3,7,187
5,5,286~5,6,286
9,1,158~9,1,159
4,8,257~4,8,260
3,1,58~6,1,58
0,9,188~2,9,188
4,8,78~5,8,78
4,8,32~6,8,32
7,7,177~7,7,178
2,1,90~4,1,90
3,4,227~5,4,227
7,4,231~7,6,231
1,2,127~3,2,127
7,2,121~8,2,121
1,0,256~1,2,256
2,0,226~2,2,226
1,0,229~4,0,229
5,1,152~5,5,152
6,5,102~7,5,102
6,1,100~6,3,100
6,6,94~8,6,94
0,4,197~3,4,197
3,1,195~5,1,195
6,0,115~6,2,115
5,0,56~5,2,56
0,1,233~0,3,233
1,7,98~1,9,98
3,3,39~3,3,41
2,0,16~2,1,16
7,6,234~7,8,234
0,6,219~0,8,219
0,0,181~1,0,181
6,6,286~8,6,286
4,3,54~7,3,54
7,1,171~7,3,171
4,6,240~5,6,240
3,4,60~4,4,60
4,1,217~6,1,217
7,7,110~7,9,110
0,6,35~0,6,35
4,6,275~7,6,275
9,5,9~9,8,9
5,5,74~5,8,74
1,0,230~1,3,230
6,6,278~8,6,278
4,4,102~4,5,102
2,5,285~4,5,285
4,9,159~7,9,159
6,8,235~6,9,235
6,9,18~8,9,18
7,6,244~9,6,244
5,9,203~8,9,203
8,8,11~9,8,11
6,9,145~8,9,145
2,2,289~2,4,289
0,4,98~2,4,98
8,1,199~9,1,199
2,6,26~4,6,26
5,0,107~5,3,107
3,0,70~3,1,70
1,5,60~4,5,60
0,1,87~3,1,87
4,2,113~8,2,113
7,4,179~9,4,179
3,1,265~5,1,265
4,0,198~6,0,198
8,7,81~8,9,81
2,6,219~2,8,219
0,1,291~3,1,291
2,5,174~3,5,174
4,1,80~4,3,80
5,5,299~5,7,299
4,6,307~6,6,307
5,6,131~7,6,131
2,3,168~2,3,170
2,7,265~2,9,265
1,5,260~1,7,260
6,5,173~8,5,173
3,0,24~6,0,24
3,3,208~3,3,209
8,5,59~8,8,59
9,0,3~9,0,5
0,4,241~0,4,241
4,5,211~6,5,211
6,4,37~6,6,37
7,3,240~9,3,240
7,9,86~9,9,86
5,3,208~7,3,208
0,1,67~2,1,67
6,5,269~8,5,269
3,1,213~6,1,213
4,4,305~7,4,305
3,0,11~5,0,11
4,7,12~7,7,12
1,8,222~3,8,222
7,6,89~9,6,89
2,9,181~5,9,181
9,4,264~9,6,264
9,3,203~9,4,203
7,6,15~7,8,15
5,2,194~5,4,194
2,1,303~2,3,303
3,5,153~3,7,153
2,2,176~2,4,176
7,7,284~7,8,284
1,6,185~1,8,185
5,2,265~5,4,265
3,2,291~5,2,291
0,2,76~2,2,76
5,2,268~5,4,268
5,3,34~5,5,34
1,9,86~2,9,86
2,1,287~2,4,287
2,2,73~2,2,75
6,0,267~6,1,267
3,1,277~3,3,277
9,5,258~9,6,258
2,1,85~4,1,85
0,1,55~0,4,55
1,6,295~4,6,295
7,4,258~9,4,258
5,8,72~6,8,72
8,4,195~9,4,195
5,3,285~5,5,285
4,5,172~4,7,172
6,1,209~6,3,209
6,8,105~9,8,105
5,3,8~5,5,8
2,7,66~2,9,66
1,7,178~1,8,178
4,0,200~4,0,202
2,6,95~2,9,95
4,7,175~4,9,175
0,2,270~1,2,270
0,5,156~3,5,156
8,7,208~8,9,208
1,1,63~3,1,63
0,2,7~0,2,10
1,8,57~3,8,57
0,5,189~0,7,189
4,6,211~6,6,211
6,2,246~8,2,246
1,4,39~1,5,39
0,4,101~2,4,101
8,1,39~8,1,41
5,8,97~5,9,97
9,7,304~9,8,304
0,0,204~0,3,204
9,2,58~9,4,58
0,9,81~2,9,81
2,0,65~2,1,65
0,3,2~0,3,4
8,7,173~9,7,173
2,8,196~6,8,196
2,6,162~4,6,162
6,0,313~6,3,313
7,5,33~9,5,33
6,9,232~8,9,232
5,1,192~8,1,192
6,2,308~8,2,308
2,0,27~4,0,27
1,4,278~2,4,278
3,9,198~5,9,198
7,1,211~7,4,211
7,5,115~7,6,115
2,2,154~5,2,154
6,3,170~8,3,170
1,2,57~3,2,57
5,0,302~5,2,302
0,5,38~1,5,38
5,9,285~6,9,285
7,0,188~9,0,188
0,0,92~0,3,92
5,0,6~6,0,6
7,7,146~7,9,146
1,5,292~3,5,292
4,0,69~4,1,69
6,4,160~6,7,160
6,6,17~8,6,17
1,3,179~3,3,179
0,8,93~3,8,93
6,4,237~6,4,239
7,1,189~7,1,191
3,5,242~5,5,242
4,6,246~4,8,246
9,4,107~9,5,107
8,4,250~8,6,250
3,5,297~5,5,297
1,0,178~4,0,178
3,6,190~5,6,190
3,0,8~3,3,8
7,6,155~7,8,155
5,4,129~5,7,129
0,7,17~0,9,17
6,4,73~9,4,73
0,8,129~3,8,129
2,0,30~2,0,30
7,1,17~8,1,17
2,9,91~4,9,91
6,9,17~7,9,17
1,4,302~3,4,302
2,2,26~2,2,28
1,7,247~3,7,247
9,1,107~9,3,107
2,5,38~2,5,39
6,6,75~6,8,75
3,4,114~5,4,114
6,4,2~6,6,2
4,3,102~7,3,102
7,5,143~9,5,143
3,5,164~5,5,164
4,5,132~6,5,132
2,2,225~4,2,225
1,3,28~1,6,28
0,4,34~3,4,34
0,0,120~0,1,120
0,3,226~3,3,226
4,0,278~4,2,278
6,0,8~6,0,9
2,2,271~5,2,271
5,7,137~7,7,137
7,1,285~7,2,285
5,2,266~7,2,266
3,6,251~7,6,251
1,1,223~1,3,223
4,6,214~4,8,214
5,5,169~5,6,169
2,0,113~4,0,113
2,7,264~3,7,264
3,0,35~3,0,37
5,5,78~5,6,78
7,1,65~9,1,65
0,1,206~0,1,208
7,6,3~8,6,3
8,3,145~8,5,145
2,6,63~2,8,63
7,0,216~8,0,216
9,6,266~9,8,266
0,5,161~2,5,161
0,7,68~2,7,68
2,3,7~2,5,7
2,4,284~3,4,284
3,5,291~5,5,291
6,1,63~8,1,63
6,0,187~8,0,187
8,6,24~9,6,24
2,7,190~4,7,190
2,1,13~2,3,13
6,6,284~6,8,284
7,5,189~8,5,189
9,2,192~9,4,192
2,1,155~4,1,155
7,2,16~7,3,16
6,4,148~8,4,148
9,5,102~9,8,102
1,7,176~3,7,176
1,1,58~1,2,58
8,6,27~8,7,27
7,7,29~8,7,29
5,1,162~6,1,162
1,6,258~3,6,258
7,7,70~8,7,70
4,8,55~6,8,55
1,9,61~3,9,61
1,8,227~2,8,227
3,1,272~3,3,272
9,2,176~9,4,176
7,5,299~9,5,299
1,9,178~4,9,178
1,0,11~1,2,11
5,3,226~8,3,226
1,4,41~1,5,41
0,8,131~0,9,131
5,0,242~5,3,242
3,1,121~3,3,121
4,4,284~4,4,286
6,5,39~7,5,39
9,2,150~9,4,150
2,8,75~4,8,75
5,2,217~7,2,217
3,2,279~5,2,279
4,2,179~6,2,179
5,2,99~8,2,99
4,1,59~4,1,62
6,5,138~6,7,138
5,8,118~7,8,118
1,1,27~1,1,27
2,6,114~5,6,114
3,8,176~6,8,176
3,9,82~5,9,82
4,1,302~4,3,302
1,7,8~2,7,8
6,3,111~6,4,111
0,4,36~0,4,36
1,7,293~1,9,293
3,3,239~7,3,239
9,0,189~9,0,189
9,7,4~9,7,6
7,1,264~7,4,264
5,6,201~5,8,201
2,1,267~4,1,267
7,2,174~9,2,174
4,6,68~4,9,68
7,8,192~7,8,193
1,5,96~1,7,96
3,2,97~4,2,97
9,2,41~9,5,41
7,9,175~9,9,175
3,5,52~5,5,52
7,2,34~9,2,34
0,8,87~2,8,87
1,8,132~1,8,134
3,5,100~3,5,102
7,6,33~7,8,33
9,3,63~9,4,63
8,3,45~8,3,47
4,4,135~5,4,135
2,5,10~2,6,10
9,5,145~9,8,145
0,5,21~2,5,21
8,5,113~8,7,113
4,7,293~5,7,293
9,4,36~9,5,36
0,0,115~0,3,115
2,3,206~2,5,206
2,6,163~2,8,163
7,2,236~7,5,236
2,2,275~2,4,275
1,0,5~1,2,5
2,5,262~2,5,262
1,5,158~3,5,158
4,3,161~4,4,161
4,4,262~7,4,262
2,4,96~3,4,96
8,3,110~8,3,112
2,7,98~2,7,100
5,5,112~8,5,112
0,1,259~3,1,259
2,5,263~2,5,264
0,7,216~1,7,216
1,2,4~1,4,4
3,6,27~4,6,27
8,5,1~8,6,1
1,4,180~3,4,180
0,7,2~0,7,4
5,7,187~7,7,187
1,6,196~4,6,196
5,5,191~5,7,191
4,5,122~5,5,122
0,0,259~1,0,259
5,0,27~5,0,29
5,4,168~5,6,168
0,4,83~2,4,83
6,6,92~7,6,92
7,2,164~7,4,164
7,4,86~7,5,86
3,0,13~6,0,13
0,9,14~3,9,14
9,0,247~9,0,249
5,0,184~7,0,184
4,0,72~7,0,72
5,7,231~5,9,231
6,8,169~6,8,170
4,0,257~4,3,257
7,0,162~8,0,162
0,7,274~0,9,274
1,1,19~4,1,19
2,0,3~5,0,3
6,6,236~9,6,236
3,5,220~5,5,220
2,9,121~3,9,121
0,5,160~1,5,160
2,2,190~4,2,190
1,4,31~1,6,31
8,7,80~8,9,80
0,2,129~2,2,129
8,7,88~8,7,89
8,5,147~8,7,147
0,8,24~0,9,24
9,4,297~9,6,297
5,5,243~7,5,243
4,1,231~4,4,231
1,6,58~1,9,58
3,6,149~6,6,149
7,4,181~8,4,181
4,2,285~4,2,285
8,6,7~8,8,7
8,1,218~9,1,218
5,6,8~7,6,8
6,1,110~9,1,110
7,3,56~7,4,56
1,3,77~1,5,77
3,6,287~3,7,287
1,5,201~1,7,201
6,3,121~7,3,121
7,0,274~7,2,274
1,8,202~3,8,202
7,5,83~7,7,83
6,5,272~6,6,272
4,9,165~7,9,165
2,7,297~3,7,297
0,4,205~0,6,205
7,5,66~7,8,66
3,5,250~3,6,250
2,1,77~2,3,77
5,5,259~7,5,259
2,1,103~2,3,103
1,6,284~3,6,284
7,5,64~7,7,64
0,1,24~2,1,24
0,1,118~2,1,118
3,1,65~5,1,65
5,9,256~7,9,256
7,5,294~9,5,294
6,1,167~6,3,167
6,1,283~6,4,283
3,0,29~3,1,29
4,3,249~6,3,249
0,0,71~3,0,71
5,1,186~7,1,186
1,3,300~4,3,300
8,3,56~8,5,56
0,9,84~2,9,84
5,0,105~5,2,105
1,5,163~1,5,166
5,6,41~5,6,43
6,6,253~6,9,253
3,5,17~3,9,17
5,7,229~8,7,229
0,9,101~2,9,101
1,2,229~3,2,229
2,8,201~4,8,201
1,2,48~1,4,48
2,9,38~3,9,38
1,1,7~1,3,7
6,1,5~6,4,5
4,4,72~6,4,72
3,6,146~6,6,146
6,2,304~6,4,304
6,0,101~8,0,101
1,0,97~3,0,97
4,8,298~4,8,298
6,4,303~6,6,303
6,6,126~6,8,126
3,0,180~3,0,182
8,5,87~8,8,87
5,5,226~5,8,226
6,5,291~9,5,291
5,7,32~8,7,32
8,6,253~8,8,253
1,1,221~4,1,221
6,3,57~7,3,57
2,4,260~2,6,260
8,5,76~8,7,76
3,2,258~3,2,258
6,2,164~6,6,164
4,7,52~4,9,52
0,9,23~3,9,23
9,4,182~9,7,182
2,2,254~5,2,254
9,6,38~9,8,38
5,5,254~8,5,254
0,3,106~2,3,106
6,1,289~9,1,289
9,1,201~9,2,201
8,6,169~8,9,169
0,5,3~1,5,3
9,7,1~9,7,3
8,5,20~8,7,20
9,0,8~9,0,10
4,6,145~5,6,145
0,2,102~0,2,102
1,9,80~3,9,80
4,5,170~6,5,170
2,4,94~5,4,94
9,4,113~9,6,113
5,4,97~7,4,97
6,0,196~6,2,196
3,4,245~3,7,245
3,5,214~7,5,214
8,2,42~8,3,42
4,4,207~6,4,207
9,1,153~9,3,153
1,4,43~4,4,43
3,8,87~5,8,87
0,4,126~0,4,129
1,5,176~3,5,176
4,7,282~4,9,282
5,9,17~5,9,18
0,4,118~3,4,118
0,3,238~0,5,238
3,1,83~5,1,83
6,1,131~6,4,131
5,7,91~5,8,91
8,9,88~9,9,88
6,3,56~6,4,56
4,0,187~4,3,187
5,3,156~8,3,156
1,2,210~1,6,210
3,3,267~6,3,267
4,7,54~6,7,54
1,4,104~3,4,104
4,9,237~7,9,237
8,6,189~8,8,189
2,3,46~2,6,46
5,3,203~5,6,203
1,0,110~3,0,110
5,9,15~5,9,16
2,6,286~2,9,286
2,9,291~5,9,291
2,7,207~3,7,207
1,3,258~1,4,258
5,3,231~5,6,231
5,8,296~6,8,296
4,6,62~7,6,62
1,4,45~1,5,45
4,8,153~4,9,153
3,7,108~3,9,108
8,6,80~8,6,81
3,6,267~3,9,267
3,0,295~3,2,295
1,4,207~1,7,207
1,7,225~1,8,225
3,2,241~3,3,241
5,3,216~8,3,216
0,2,3~0,2,6
3,3,190~6,3,190
7,6,175~8,6,175
0,6,32~2,6,32
3,6,213~3,7,213
1,2,212~1,4,212
6,4,117~6,7,117
4,3,276~4,4,276
1,1,197~3,1,197
2,5,66~3,5,66
4,3,18~6,3,18
1,5,198~3,5,198
7,1,158~7,4,158
6,6,19~8,6,19
6,2,149~6,4,149
5,2,245~6,2,245
2,8,209~3,8,209
5,1,106~7,1,106
7,7,16~8,7,16
3,7,81~3,7,84
1,9,266~3,9,266
8,0,35~8,2,35
2,7,31~3,7,31
4,2,272~8,2,272
4,9,13~6,9,13
3,8,295~5,8,295
5,2,239~8,2,239
8,3,281~8,4,281
8,5,305~9,5,305
9,8,208~9,9,208
8,0,109~8,3,109
4,5,151~4,8,151
2,7,210~4,7,210
5,5,89~7,5,89
3,1,281~5,1,281
3,8,124~6,8,124
2,5,293~2,5,294
6,5,181~8,5,181
8,5,301~8,5,303
4,2,235~6,2,235
2,0,60~2,2,60
1,3,33~1,5,33
6,4,86~6,6,86
3,7,200~4,7,200
9,7,108~9,9,108
7,5,24~7,7,24
7,5,219~9,5,219
5,5,141~8,5,141
0,5,105~3,5,105
5,0,167~5,1,167
2,6,282~5,6,282
0,7,118~1,7,118
2,3,200~4,3,200
4,3,16~4,5,16
2,0,105~2,2,105
3,7,197~3,9,197
9,4,10~9,6,10
1,7,294~1,8,294
7,6,246~9,6,246
0,7,188~1,7,188
6,0,180~6,2,180
8,3,267~8,5,267
9,0,155~9,1,155
7,6,252~7,9,252
3,3,6~5,3,6
9,4,95~9,7,95
5,2,307~5,4,307
5,2,295~5,3,295
4,5,254~4,7,254
1,3,260~1,4,260
2,0,114~2,0,117
7,7,143~7,9,143
0,2,175~0,3,175
6,2,220~6,4,220
3,5,86~3,8,86
0,2,110~2,2,110
8,4,280~8,7,280
7,2,109~7,4,109
3,2,310~6,2,310
0,0,260~0,0,260
6,3,104~8,3,104
6,3,153~6,5,153
6,3,134~9,3,134
2,5,188~2,7,188
0,6,233~0,7,233
4,1,68~4,3,68
1,6,99~3,6,99
4,0,305~6,0,305
4,8,23~4,8,25
1,4,162~1,7,162
7,3,40~9,3,40
3,5,59~6,5,59
2,7,180~2,9,180
7,6,6~9,6,6
6,5,188~9,5,188
4,6,164~4,9,164
6,2,68~6,4,68
6,4,27~6,4,29
9,2,151~9,5,151
4,4,48~4,7,48
8,4,156~8,6,156
0,4,124~3,4,124
0,5,91~0,5,94
5,6,294~5,8,294
0,4,200~0,4,202
4,6,153~7,6,153
4,3,199~4,4,199
3,2,223~4,2,223
4,7,96~7,7,96
3,2,242~3,3,242
4,6,156~4,8,156
3,2,203~3,3,203
4,5,115~5,5,115
0,2,107~0,3,107
2,2,72~2,4,72
0,3,89~0,6,89
0,8,88~1,8,88
8,4,39~8,6,39
7,0,64~7,1,64
5,1,126~5,3,126
2,1,182~2,3,182
4,3,279~4,5,279
6,1,61~8,1,61
4,2,75~4,4,75
4,3,162~6,3,162
5,3,257~5,6,257
7,9,83~8,9,83
5,4,181~6,4,181
6,3,183~6,5,183
1,7,217~1,9,217
4,6,30~4,8,30
9,5,257~9,8,257
0,5,241~0,8,241
1,3,36~1,4,36
7,0,111~7,1,111
8,1,196~9,1,196
2,9,109~4,9,109
4,4,134~6,4,134
5,6,310~5,6,313
9,2,109~9,4,109
6,2,278~6,5,278
3,7,90~6,7,90
3,0,255~3,3,255
6,1,43~9,1,43
5,1,74~6,1,74
5,8,208~5,9,208
4,5,134~7,5,134
4,4,270~6,4,270
7,0,45~7,2,45
4,5,217~4,5,219
2,5,27~2,7,27
5,4,281~5,6,281
0,8,230~2,8,230
1,0,107~2,0,107
8,5,247~8,7,247
1,6,33~4,6,33
6,4,58~8,4,58
5,4,27~5,4,29
6,7,2~6,7,4
6,8,106~7,8,106
9,3,15~9,6,15
7,8,161~7,8,163
6,6,9~7,6,9
3,5,118~3,7,118
5,9,95~6,9,95
4,6,85~7,6,85
2,0,218~2,1,218
5,0,232~5,3,232
5,3,165~5,5,165
0,4,292~3,4,292
7,2,151~7,4,151
3,4,182~5,4,182
4,1,109~4,1,111
5,0,251~6,0,251
5,6,109~9,6,109
8,5,78~8,7,78
6,8,108~8,8,108
3,7,78~3,9,78
7,7,243~7,8,243
6,1,195~8,1,195
7,3,19~8,3,19
7,3,238~7,5,238
2,2,178~2,3,178
6,6,89~6,6,91
4,7,291~5,7,291
3,6,261~3,7,261
5,4,225~5,6,225
4,4,26~6,4,26
6,1,286~8,1,286
6,5,292~6,6,292
3,8,14~4,8,14
0,5,296~1,5,296
0,2,99~0,4,99
1,3,129~3,3,129
8,7,230~8,7,230
4,5,223~4,7,223
0,1,105~1,1,105
0,8,21~2,8,21
4,6,276~6,6,276
1,9,8~2,9,8
0,0,235~0,2,235
9,6,12~9,8,12
2,4,70~4,4,70
1,7,114~1,7,116
4,2,218~6,2,218
1,3,55~4,3,55
6,7,288~6,8,288
1,0,191~3,0,191
3,3,119~6,3,119
1,2,24~2,2,24
7,5,136~7,5,138
3,9,209~3,9,211
4,2,31~8,2,31
5,2,114~7,2,114
0,3,243~0,4,243
6,8,129~6,9,129
2,1,10~2,4,10
8,6,238~9,6,238
8,1,42~8,1,42
3,5,73~3,8,73
5,2,53~5,5,53
1,0,33~3,0,33
1,1,72~3,1,72
9,5,97~9,7,97
2,7,205~2,8,205
4,1,135~4,3,135
0,2,294~0,5,294
7,3,298~8,3,298
3,6,201~3,7,201
2,0,259~5,0,259
5,9,189~5,9,192
0,6,38~0,9,38
6,0,218~9,0,218
2,1,12~2,4,12
0,2,271~0,5,271
5,2,12~5,5,12
0,5,169~1,5,169
0,3,75~0,7,75
5,8,232~5,8,234
8,6,153~9,6,153
8,1,165~8,1,167
5,5,175~5,6,175
3,3,286~3,5,286
2,3,124~5,3,124
5,4,208~5,4,208
2,3,195~2,7,195
1,2,9~1,2,10
4,3,82~5,3,82
9,1,245~9,2,245
7,0,163~7,2,163
6,9,19~8,9,19
0,3,222~0,6,222
3,0,58~6,0,58
4,7,128~6,7,128
6,5,76~6,5,77
7,0,8~7,1,8
0,8,41~0,9,41
8,0,279~8,0,282
5,4,31~7,4,31
1,6,164~1,6,165
4,8,127~6,8,127
1,4,80~3,4,80
9,3,104~9,5,104
3,4,89~6,4,89
0,5,86~2,5,86
1,0,99~1,2,99
0,0,265~2,0,265
6,8,167~9,8,167
0,5,41~0,7,41
0,9,182~1,9,182
1,6,116~2,6,116
6,1,40~6,3,40
6,0,104~8,0,104
2,3,128~5,3,128
1,8,9~4,8,9
5,3,67~5,5,67
7,4,75~7,4,76
3,8,62~3,8,64
3,9,200~5,9,200
5,3,13~7,3,13
7,3,60~9,3,60
5,1,151~5,3,151
4,8,256~6,8,256
6,9,15~8,9,15
0,2,52~0,4,52
3,2,205~3,3,205
1,2,301~1,4,301
2,3,18~2,5,18
2,8,200~5,8,200
1,7,213~2,7,213
6,4,78~8,4,78
1,0,233~1,2,233
6,0,276~8,0,276
7,5,18~7,5,18
2,1,198~4,1,198
1,0,180~2,0,180
1,2,292~3,2,292
0,1,18~0,4,18
9,2,43~9,4,43
5,3,266~9,3,266
2,0,64~2,1,64
6,7,82~8,7,82
1,6,70~2,6,70
0,2,86~0,4,86
1,5,46~1,6,46
4,7,224~4,7,226
9,9,2~9,9,5
2,7,204~2,8,204
7,5,253~9,5,253
2,0,188~5,0,188
6,8,267~9,8,267
0,0,34~2,0,34
1,7,111~3,7,111
5,4,65~5,7,65
6,8,61~7,8,61
3,7,102~5,7,102
3,0,172~3,2,172
3,5,61~3,7,61
4,0,110~5,0,110
5,1,86~5,4,86
6,4,281~6,6,281
8,4,158~9,4,158
3,4,53~3,7,53
5,1,283~5,3,283
3,9,118~6,9,118
0,7,230~2,7,230
6,7,92~8,7,92
8,2,106~8,4,106
5,5,216~7,5,216
2,1,185~4,1,185
5,2,185~8,2,185
8,4,37~8,8,37
3,0,94~3,2,94
6,2,192~6,3,192
5,5,119~7,5,119
3,8,127~3,8,128
5,1,215~8,1,215
6,7,285~6,8,285
6,1,307~6,2,307
1,1,269~1,2,269
9,4,35~9,5,35
6,3,300~6,4,300
7,5,145~7,5,148
1,6,216~3,6,216
4,3,113~4,6,113
6,3,38~6,6,38
3,2,259~3,4,259
4,9,154~5,9,154
3,0,124~3,2,124
4,1,212~6,1,212
3,3,172~3,6,172
2,0,6~4,0,6
3,0,175~3,1,175
2,6,62~2,8,62
6,1,6~8,1,6
0,2,21~2,2,21
4,2,282~7,2,282
3,4,175~3,4,177
3,9,205~3,9,208
4,3,193~5,3,193
4,3,191~5,3,191
3,2,37~3,3,37
4,3,288~4,5,288
0,4,221~0,7,221
7,7,282~8,7,282
7,0,198~7,4,198
4,9,229~6,9,229
1,7,290~3,7,290
4,1,164~7,1,164
2,4,85~2,8,85
6,0,285~8,0,285
4,5,61~4,5,63
3,7,98~6,7,98
1,7,184~3,7,184
6,6,154~6,7,154
3,4,45~5,4,45
4,3,9~4,3,10
3,5,98~5,5,98
7,6,238~7,8,238
2,5,247~5,5,247
6,9,26~8,9,26
7,3,55~9,3,55
8,8,307~9,8,307
3,9,284~5,9,284
3,5,74~4,5,74
5,4,91~7,4,91
0,1,20~0,1,22
7,5,220~7,6,220
6,2,110~7,2,110
7,6,289~7,6,291
7,8,240~9,8,240
8,5,73~8,7,73
3,6,246~3,8,246
2,7,35~2,9,35
2,4,196~4,4,196
5,5,23~5,7,23
4,0,106~4,2,106
0,6,227~0,7,227
4,1,104~4,3,104
6,3,265~6,5,265
1,8,268~2,8,268
1,3,304~1,5,304
7,7,36~7,7,39
2,0,98~2,0,100
6,0,36~8,0,36
7,2,11~8,2,11
1,3,3~4,3,3
8,6,239~8,6,241
0,2,53~2,2,53
3,1,283~3,4,283
7,3,105~7,3,106
7,4,310~7,6,310
1,3,166~3,3,166
1,1,13~1,1,15
3,5,152~3,6,152
9,6,299~9,9,299
0,6,2~1,6,2
3,5,244~5,5,244
0,7,273~0,9,273
9,5,261~9,6,261
0,4,25~0,5,25
4,0,293~4,2,293
7,4,149~9,4,149
0,4,72~0,4,73
3,5,50~4,5,50
1,4,306~3,4,306
4,1,275~4,4,275
5,5,288~8,5,288
2,5,64~3,5,64
0,7,33~2,7,33
8,1,162~8,2,162
4,6,49~4,9,49
3,9,184~5,9,184
6,6,167~6,6,169
0,6,276~0,9,276
6,0,37~6,0,39
9,0,243~9,2,243
6,1,75~8,1,75
1,8,90~4,8,90
9,5,184~9,7,184
0,3,235~0,4,235
7,3,281~7,6,281
2,1,232~4,1,232
8,2,122~8,2,123
3,6,154~3,8,154
2,2,248~2,5,248
1,8,100~3,8,100
1,7,181~3,7,181
7,0,199~7,2,199
5,5,10~6,5,10
7,1,1~7,3,1
7,7,287~7,9,287
1,3,256~3,3,256
3,5,56~3,8,56
9,8,15~9,8,16
3,2,67~3,6,67
1,1,98~3,1,98
2,8,3~4,8,3
8,6,40~8,8,40
5,0,248~5,3,248
8,4,22~8,7,22
2,1,273~2,4,273
6,9,3~8,9,3
4,5,3~4,7,3
2,4,23~4,4,23
8,0,159~8,3,159
5,7,145~7,7,145
4,4,282~4,5,282
3,8,206~5,8,206
5,1,66~7,1,66
3,2,182~5,2,182
1,6,244~4,6,244
5,7,61~6,7,61
6,3,65~6,6,65
0,2,70~0,6,70
7,8,4~8,8,4
8,5,293~9,5,293
5,3,173~5,5,173
0,4,58~3,4,58
8,4,85~8,7,85
5,7,227~5,9,227
2,4,20~3,4,20
0,0,19~3,0,19
1,5,36~4,5,36
1,6,204~1,8,204
6,6,134~6,7,134
6,3,308~9,3,308
5,6,243~6,6,243
9,2,202~9,4,202
8,7,114~8,9,114
7,4,282~7,4,283
0,3,201~2,3,201
7,2,62~7,3,62
6,4,233~6,4,234
1,5,25~1,6,25
7,7,162~7,7,165
3,7,9~5,7,9
7,8,158~9,8,158
3,3,289~3,5,289
2,6,159~5,6,159
1,8,12~3,8,12
5,7,204~5,9,204
6,1,7~6,3,7
4,6,20~4,8,20
1,6,119~4,6,119
9,4,256~9,7,256
8,1,14~8,4,14
4,1,96~5,1,96
8,5,23~8,5,24
5,2,288~5,4,288
5,2,103~7,2,103
3,1,177~5,1,177
8,5,186~8,7,186
0,3,283~0,5,283
6,4,167~6,4,170
6,1,108~6,4,108
1,3,183~3,3,183
4,6,40~6,6,40
2,1,21~4,1,21
4,5,173~4,7,173
8,0,77~8,3,77
4,9,286~4,9,288
0,3,228~0,3,230
4,2,166~6,2,166
5,0,112~5,1,112
4,7,289~6,7,289
1,2,234~1,2,237
0,4,279~0,4,281
2,0,263~2,2,263
1,7,192~3,7,192
4,5,37~4,5,39
9,5,92~9,7,92
1,1,215~4,1,215
2,2,250~4,2,250
8,2,177~8,3,177
2,5,69~2,6,69
5,0,294~5,2,294
1,6,89~3,6,89
7,7,25~7,9,25
2,8,88~2,9,88
6,3,179~7,3,179
5,3,286~7,3,286
5,7,85~6,7,85
2,0,67~5,0,67
5,8,257~5,8,259
3,1,95~6,1,95
7,5,68~7,7,68
0,2,176~0,2,176
0,3,130~3,3,130
2,5,75~4,5,75
1,6,155~3,6,155
4,9,117~6,9,117
5,5,228~7,5,228
7,0,214~7,1,214
3,4,229~5,4,229
3,2,33~5,2,33
1,1,261~4,1,261
2,3,198~5,3,198
0,4,277~3,4,277
6,2,178~6,5,178
2,1,174~4,1,174
1,9,187~4,9,187
2,8,59~4,8,59
1,1,268~4,1,268
0,3,173~2,3,173
3,1,57~5,1,57
4,4,294~4,6,294
4,7,176~6,7,176
4,5,15~7,5,15
3,6,63~4,6,63
7,4,108~9,4,108
5,6,156~5,9,156
1,3,219~1,6,219
5,2,226~5,2,226
7,4,32~7,5,32
6,3,228~8,3,228
3,0,275~3,3,275
2,3,204~2,4,204
4,0,98~6,0,98
7,1,241~8,1,241
